%YAML:1.0
---
camera_matrix: !!opencv-matrix
   rows: 3
   cols: 3
   dt: d
   data: [ 8.3998287390625876e+02, 0., 3.0058979774461125e+02, 0.,
       8.4218550052806984e+02, 1.7670742386111274e+02, 0., 0., 1. ]
dist_coeff: !!opencv-matrix
   rows: 1
   cols: 5
   dt: d
   data: [ 2.6858365774303955e-01, -1.1115708089029031e+00,
       -3.4322476808309500e-02, -1.3747218934817661e-02,
       1.7532551000976180e+00 ]
